1,17/09/2017,0,50,3
2,06/10/2017,1,48,1
3,18/03/2015,0,10,3
4,17/07/2020,1,47,3
5,21/06/2017,1,19,1
6,28/10/2017,0,14,2
7,01/07/2017,1,26,1
8,22/05/2018,0,38,2
9,08/04/2019,1,16,2
10,07/06/2018,1,2,1
11,21/05/2018,1,33,3
12,13/05/2017,0,37,2
13,01/07/2021,0,45,3
14,18/10/2019,0,50,2
15,22/03/2017,0,37,1
16,26/01/2016,0,52,1
17,26/11/2019,0,2,1
18,02/02/2020,1,9,3
19,08/12/2018,1,46,1
20,03/10/2021,0,20,3
21,17/11/2017,1,42,1
22,10/02/2015,0,14,3
23,25/08/2018,0,46,2
24,25/05/2015,1,1,3
25,11/07/2021,1,38,1
26,01/02/2020,0,43,2
27,26/05/2021,0,36,2
28,15/01/2016,1,12,2
29,28/08/2019,0,5,1
30,07/09/2020,0,22,3
31,15/12/2019,1,51,3
32,04/04/2018,1,46,2
33,06/07/2018,0,8,2
34,07/12/2021,1,52,2
35,14/08/2020,1,50,2
36,28/06/2021,1,28,2
37,02/03/2019,1,51,2
38,24/10/2018,0,21,3
39,07/04/2021,1,18,1
40,15/05/2021,1,50,1
41,02/09/2015,1,46,1
42,24/10/2020,0,5,1
43,14/06/2020,1,7,1
44,22/11/2017,0,19,2
45,21/03/2020,0,8,1
46,27/11/2015,0,16,3
47,12/06/2019,1,26,2
48,23/08/2016,1,14,1
49,27/10/2020,0,48,2
50,13/08/2018,0,38,2
51,24/02/2019,0,17,1
52,13/08/2019,0,24,2
53,10/06/2019,0,42,3
54,02/03/2015,1,22,3
55,01/08/2016,0,9,3
56,10/02/2018,0,10,3
57,19/06/2015,0,5,2
58,02/02/2020,0,17,1
59,15/11/2021,1,8,1
60,10/03/2020,0,43,2
61,03/07/2017,0,13,1
62,08/05/2021,0,44,1
63,04/03/2018,0,4,2
64,18/02/2017,0,10,1
65,04/01/2015,0,47,1
66,22/01/2017,0,34,2
67,25/06/2016,1,35,3
68,05/11/2016,1,44,3
69,04/06/2015,0,55,2
70,10/07/2020,0,23,1
71,22/10/2016,0,46,1
72,23/10/2020,1,39,2
73,16/04/2016,0,14,2
74,15/11/2017,0,29,3
75,06/07/2015,1,23,1
76,02/02/2015,0,11,2
77,06/02/2020,1,4,1
78,11/03/2021,0,18,2
79,25/01/2016,0,1,3
80,10/04/2016,1,4,1
81,24/12/2019,1,29,1
82,26/04/2018,0,11,1
83,16/11/2020,0,24,2
84,26/04/2016,1,22,1
85,14/06/2021,1,6,1
86,14/09/2015,1,16,2
87,01/03/2020,1,14,2
88,13/02/2018,1,47,2
89,11/01/2020,0,50,1
90,21/05/2021,0,23,1
91,13/12/2016,0,45,3
92,22/07/2017,0,14,1
93,01/03/2015,1,5,2
94,17/03/2020,0,54,2
95,18/07/2017,1,26,3
96,24/05/2020,0,18,3
97,10/01/2017,0,51,1
98,24/06/2016,0,39,2
99,11/03/2016,0,43,2
100,11/12/2019,1,11,2
101,21/12/2015,0,29,1
102,01/10/2015,1,8,2
103,15/01/2021,0,52,1
104,07/05/2015,1,18,1
105,01/11/2020,0,9,2
106,19/12/2020,1,10,1
107,04/02/2017,0,49,1
108,15/11/2017,0,51,2
109,22/03/2019,0,20,2
110,19/04/2018,0,33,3
111,21/07/2017,0,6,3
112,14/12/2015,1,1,3
113,22/04/2016,0,45,3
114,02/06/2020,0,22,1
115,18/11/2016,0,4,1
116,16/08/2015,0,8,1
117,06/09/2021,1,39,2
118,13/03/2020,1,41,2
119,16/08/2015,0,12,1
120,14/06/2021,1,39,2
121,24/11/2015,1,19,2
122,22/02/2018,1,53,1
123,10/09/2019,0,15,2
124,24/07/2017,1,39,3
125,26/09/2020,1,23,3
126,28/06/2016,1,55,3
127,08/08/2019,1,55,1
128,21/09/2020,0,19,2
129,28/09/2021,0,26,1
130,26/04/2017,1,26,2
131,28/12/2020,1,31,3
132,11/06/2019,0,21,2
133,24/06/2016,1,26,2
134,20/05/2020,0,23,2
135,09/10/2015,0,35,3
136,16/01/2021,0,17,3
137,26/01/2021,0,4,3
138,06/05/2019,1,1,3
139,20/02/2020,0,28,3
140,14/03/2019,0,10,1
141,18/06/2018,1,5,3
142,12/02/2019,1,14,3
143,04/05/2021,1,10,1
144,08/11/2016,1,44,2
145,10/09/2016,1,40,2
146,21/02/2018,1,38,3
147,16/12/2015,1,46,2
148,16/08/2020,0,28,3
149,05/03/2019,0,32,3
150,06/01/2019,0,55,1
151,14/10/2021,1,55,1
152,11/01/2017,0,17,2
153,08/01/2015,1,41,1
154,06/07/2020,0,17,2
155,03/03/2015,1,25,1
156,10/05/2019,1,17,1
157,01/10/2020,1,45,2
158,21/10/2020,1,20,3
159,18/06/2018,1,16,3
160,03/11/2019,1,2,1
161,05/03/2021,1,38,1
162,04/06/2016,0,18,2
163,02/01/2019,1,12,3
164,18/03/2018,1,49,3
165,24/07/2020,1,25,3
166,17/10/2020,1,7,3
167,07/10/2020,1,15,2
168,03/06/2015,1,13,3
169,26/12/2018,0,50,1
170,25/10/2021,0,2,3
171,15/10/2019,0,49,1
172,01/11/2018,1,2,1
173,24/12/2020,1,2,1
174,01/03/2021,1,16,2
175,23/12/2017,0,8,3
176,04/04/2017,0,15,3
177,01/01/2017,0,50,2
178,13/11/2019,0,9,1
179,17/11/2021,0,37,2
180,20/08/2018,0,3,2
